[dotenv@17.3.1]
210014592
210014589
209894010
209379084
210014586
210014583
210014571
210014580
210014553
210014394
210014577
209569326
209747748
210014556
210014544
210014541
209932902
210014496
209975289
210014538
209889429
210014067
210014592
210014589
209894010
209379084
210014586
210014583
210014571
210014580
210014553
210014394
210014577
209569326
209747748
210014556
210014544
210014541
209932902
210014496
209975289
210014538
209267925
209164080
210014592
210014589
209894010
209379084
210014586
210014583
210014571
210014580
210014553
210014394
210014577
209569326
209747748
210014556
210014544
210014541
209932902
210014496
209975289
210014538
209591532
208938879
210014592
210014589
209894010
209379084
210014586
210014583
210014571
210014580
210014553
210014394
210014577
209569326
209747748
210014556
210014544
210014541
209932902
210014496
209975289
210014538
208281059
209810613
210014592
210014589
209894010
209379084
210014586
210014583
210014571
210014580
210014553
210014394
210014577
209569326
209747748
210014556
210014544
210014541
209932902
210014496
209975289
210014538
209567385
209915766
210014592
210014589
209894010
209379084
210014586
210014583
210014571
210014580
210014553
210014394
210014577
209569326
209747748
210014556
210014544
210014541
209932902
210014496
209975289
210014538
209486565
208652837
210014592
210014589
209894010
209379084
210014586
210014583
210014571
210014580
210014553
210014394
210014577
209569326
209747748
210014556
210014544
210014541
209932902
210014496
209975289
210014538
209915766
209575845
210014592
210014589
209894010
209379084
210014586
210014583
210014571
210014580
210014553
210014394
210014577
209569326
209747748
210014556
210014544
210014541
209932902
210014496
209975289
210014538
209915766
209777781
210014592
210014589
209894010
209379084
210014586
210014583
210014571
210014580
210014553
210014394
210014577
209569326
209747748
210014556
210014544
210014541
209932902
210014496
209975289
210014538
208462253
209048532
210014592
